tier_id_v349,action_v349,loan_id,loan_amnt,grade,score_decile,income_band,dti_band,period,state_top20,mean_return_v349,observed_v47_proxy_v349,claim_boundary_v349
coverage_only_v347_cvar,add_observed_candidate,126342852,25000.0,A,0,3,1,2018,VA,465.08087779180335,True,v349 coverage-only incumbent action list; not a repair recommendation
coverage_only_v347_cvar,add_observed_candidate,143359641,12750.0,A,0,3,1,2018,CO,308.18374619738734,True,v349 coverage-only incumbent action list; not a repair recommendation
coverage_only_v347_cvar,add_observed_candidate,127209508,16800.0,A,0,3,1,2018,TX,203.15741954586753,True,v349 coverage-only incumbent action list; not a repair recommendation
coverage_only_v347_cvar,add_observed_candidate,156642514,8575.0,A,0,3,0,2019,WA,198.8866569286404,True,v349 coverage-only incumbent action list; not a repair recommendation
coverage_only_v347_cvar,add_observed_candidate,126680300,20000.0,A,0,3,0,2018,IN,189.94794259876616,True,v349 coverage-only incumbent action list; not a repair recommendation
coverage_only_v347_cvar,add_observed_candidate,140009023,9000.0,A,0,3,1,2018,NJ,187.90844853670094,True,v349 coverage-only incumbent action list; not a repair recommendation
coverage_only_v347_cvar,add_observed_candidate,126372952,13000.0,A,0,2,1,2018,OH,183.51724172868273,True,v349 coverage-only incumbent action list; not a repair recommendation
coverage_only_v347_cvar,add_observed_candidate,145636554,8000.0,A,0,3,1,2019,other,178.94375667846347,True,v349 coverage-only incumbent action list; not a repair recommendation
coverage_only_v347_cvar,add_observed_candidate,166196338,10525.0,A,0,3,0,2020,IL,176.33873346653192,True,v349 coverage-only incumbent action list; not a repair recommendation
coverage_only_v347_cvar,add_observed_candidate,156837349,9400.0,A,0,3,0,2019,OH,165.13252980598486,True,v349 coverage-only incumbent action list; not a repair recommendation
coverage_only_v347_cvar,add_observed_candidate,127341271,8000.0,A,0,3,0,2018,IL,148.82588089337708,True,v349 coverage-only incumbent action list; not a repair recommendation
coverage_only_v347_cvar,add_observed_candidate,126371269,15000.0,A,0,3,3,2018,IN,142.4609569490746,True,v349 coverage-only incumbent action list; not a repair recommendation
coverage_only_v347_cvar,add_observed_candidate,152084831,6800.0,A,0,3,0,2019,NC,141.03223600172183,True,v349 coverage-only incumbent action list; not a repair recommendation
coverage_only_v347_cvar,add_observed_candidate,127110325,8000.0,A,0,1,1,2018,CA,134.25332233244015,True,v349 coverage-only incumbent action list; not a repair recommendation
coverage_only_v347_cvar,add_observed_candidate,141276527,6000.0,A,0,3,0,2018,NC,132.9202421476267,True,v349 coverage-only incumbent action list; not a repair recommendation
coverage_only_v347_cvar,add_observed_candidate,150611326,6275.0,A,0,3,0,2019,other,129.64825047955017,True,v349 coverage-only incumbent action list; not a repair recommendation
coverage_only_v347_cvar,add_observed_candidate,136303435,6000.0,A,0,3,1,2018,other,121.99293531638878,True,v349 coverage-only incumbent action list; not a repair recommendation
coverage_only_v347_cvar,add_observed_candidate,125332375,10000.0,A,0,3,0,2018,MN,120.92703544396862,True,v349 coverage-only incumbent action list; not a repair recommendation
coverage_only_v347_cvar,add_observed_candidate,159206697,5225.0,A,0,3,1,2019,other,115.62534131143642,True,v349 coverage-only incumbent action list; not a repair recommendation
coverage_only_v347_cvar,add_observed_candidate,126422332,12000.0,A,0,3,0,2018,CO,113.96876555925958,True,v349 coverage-only incumbent action list; not a repair recommendation
coverage_only_v347_cvar,add_observed_candidate,126705892,7000.0,A,0,3,1,2018,other,111.28177990956812,True,v349 coverage-only incumbent action list; not a repair recommendation
coverage_only_v347_cvar,add_observed_candidate,152876464,5000.0,A,0,2,1,2019,MA,110.20247411107124,True,v349 coverage-only incumbent action list; not a repair recommendation
coverage_only_v347_cvar,add_observed_candidate,145786395,4500.0,A,0,3,0,2019,other,102.56349311907768,True,v349 coverage-only incumbent action list; not a repair recommendation
coverage_only_v347_cvar,add_observed_candidate,126604130,10500.0,A,0,3,1,2018,MI,99.72266986435214,True,v349 coverage-only incumbent action list; not a repair recommendation
coverage_only_v347_cvar,add_observed_candidate,126689392,7000.0,A,0,2,1,2018,other,98.8169763154446,True,v349 coverage-only incumbent action list; not a repair recommendation
coverage_only_v347_cvar,add_observed_candidate,127949036,8150.0,A,0,2,0,2018,NY,98.55553388683443,True,v349 coverage-only incumbent action list; not a repair recommendation
coverage_only_v347_cvar,add_observed_candidate,126798208,7000.0,A,0,3,1,2018,WA,97.42642590382461,True,v349 coverage-only incumbent action list; not a repair recommendation
coverage_only_v347_cvar,add_observed_candidate,127189673,4500.0,A,0,3,0,2018,MD,96.48727370060247,True,v349 coverage-only incumbent action list; not a repair recommendation
coverage_only_v347_cvar,add_observed_candidate,127771779,10000.0,A,0,2,3,2018,other,94.97397129938308,True,v349 coverage-only incumbent action list; not a repair recommendation
coverage_only_v347_cvar,add_observed_candidate,126850226,10000.0,A,0,2,0,2018,NY,94.97397129938308,True,v349 coverage-only incumbent action list; not a repair recommendation
coverage_only_v347_cvar,add_observed_candidate,126300668,10000.0,A,0,3,1,2018,NV,94.97397129938308,True,v349 coverage-only incumbent action list; not a repair recommendation
coverage_only_v347_cvar,add_observed_candidate,127700799,9975.0,A,0,3,0,2018,other,94.7365363711346,True,v349 coverage-only incumbent action list; not a repair recommendation
coverage_only_v347_cvar,add_observed_candidate,127498274,8500.0,A,0,3,0,2018,other,80.72787560447556,True,v349 coverage-only incumbent action list; not a repair recommendation
coverage_only_v347_cvar,add_observed_candidate,127415218,9000.0,A,0,3,1,2018,other,80.69650941880607,True,v349 coverage-only incumbent action list; not a repair recommendation
coverage_only_v347_cvar,add_observed_candidate,145227653,6000.0,A,0,3,3,2018,WA,80.31829262230576,True,v349 coverage-only incumbent action list; not a repair recommendation
coverage_only_v347_cvar,add_observed_candidate,127187117,12000.0,A,0,1,0,2018,other,79.92096463485623,True,v349 coverage-only incumbent action list; not a repair recommendation
coverage_only_v347_cvar,add_observed_candidate,126454941,5000.0,A,0,1,0,2018,CA,79.48698564969153,True,v349 coverage-only incumbent action list; not a repair recommendation
coverage_only_v347_cvar,add_observed_candidate,126489506,4000.0,A,0,1,0,2018,other,78.77081417758748,True,v349 coverage-only incumbent action list; not a repair recommendation
coverage_only_v347_cvar,add_observed_candidate,127804707,11500.0,A,0,2,0,2018,CA,76.59092444173713,True,v349 coverage-only incumbent action list; not a repair recommendation
coverage_only_v347_cvar,add_observed_candidate,126816357,8000.0,A,0,2,1,2018,PA,75.97917703950645,True,v349 coverage-only incumbent action list; not a repair recommendation
coverage_only_v347_cvar,add_observed_candidate,127649439,15000.0,A,0,3,0,2018,TX,75.8429093575642,True,v349 coverage-only incumbent action list; not a repair recommendation
coverage_only_v347_cvar,add_observed_candidate,150115144,3500.0,A,0,3,0,2019,OH,71.79343777886,True,v349 coverage-only incumbent action list; not a repair recommendation
coverage_only_v347_cvar,add_observed_candidate,127848014,5000.0,A,0,3,0,2018,IN,70.58355451103182,True,v349 coverage-only incumbent action list; not a repair recommendation
coverage_only_v347_cvar,add_observed_candidate,127026685,3300.0,A,0,3,0,2018,CA,63.81952421117741,True,v349 coverage-only incumbent action list; not a repair recommendation
coverage_only_v347_cvar,add_observed_candidate,152699627,3000.0,A,0,1,0,2019,other,60.363414836548586,True,v349 coverage-only incumbent action list; not a repair recommendation
coverage_only_v347_cvar,add_observed_candidate,126577410,9000.0,A,0,1,3,2018,OH,59.94072347614216,True,v349 coverage-only incumbent action list; not a repair recommendation
coverage_only_v347_cvar,add_observed_candidate,126755962,7000.0,A,0,3,3,2018,NY,58.23723067264791,True,v349 coverage-only incumbent action list; not a repair recommendation
coverage_only_v347_cvar,add_observed_candidate,127683415,6000.0,A,0,1,0,2018,CA,56.98438277962979,True,v349 coverage-only incumbent action list; not a repair recommendation
coverage_only_v347_cvar,add_observed_candidate,125731035,6000.0,A,0,3,1,2018,NY,56.98438277962979,True,v349 coverage-only incumbent action list; not a repair recommendation
coverage_only_v347_cvar,add_observed_candidate,127766386,8400.0,A,0,2,0,2018,AZ,55.944675244399406,True,v349 coverage-only incumbent action list; not a repair recommendation
coverage_only_v347_cvar,add_observed_candidate,127006267,3500.0,A,0,3,1,2018,WA,55.64088995478406,True,v349 coverage-only incumbent action list; not a repair recommendation
coverage_only_v347_cvar,add_observed_candidate,156733538,3625.0,A,0,3,3,2019,GA,52.8712566558987,True,v349 coverage-only incumbent action list; not a repair recommendation
coverage_only_v347_cvar,add_observed_candidate,125866564,5500.0,A,0,2,3,2018,OH,52.23568421466068,True,v349 coverage-only incumbent action list; not a repair recommendation
coverage_only_v347_cvar,add_observed_candidate,127555806,8000.0,A,0,3,0,2018,NJ,52.13368721765098,True,v349 coverage-only incumbent action list; not a repair recommendation
coverage_only_v347_cvar,add_observed_candidate,151566947,2500.0,A,0,3,3,2019,other,51.85008676533891,True,v349 coverage-only incumbent action list; not a repair recommendation
coverage_only_v347_cvar,add_observed_candidate,145951923,4300.0,A,0,3,0,2019,TX,50.70511564711861,True,v349 coverage-only incumbent action list; not a repair recommendation
coverage_only_v347_cvar,add_observed_candidate,127317411,3700.0,A,0,1,0,2018,CA,49.80088771531073,True,v349 coverage-only incumbent action list; not a repair recommendation
coverage_only_v347_cvar,add_observed_candidate,126829774,3100.0,A,0,0,0,2018,GA,49.281931102808734,True,v349 coverage-only incumbent action list; not a repair recommendation
coverage_only_v347_cvar,add_observed_candidate,150410988,2500.0,A,0,1,0,2019,MD,48.674329081629566,True,v349 coverage-only incumbent action list; not a repair recommendation
coverage_only_v347_cvar,add_observed_candidate,127545936,3000.0,A,0,3,1,2018,TX,47.69219138981491,True,v349 coverage-only incumbent action list; not a repair recommendation
coverage_only_v347_cvar,add_observed_candidate,126680067,3000.0,A,0,1,1,2018,VA,47.69219138981491,True,v349 coverage-only incumbent action list; not a repair recommendation
coverage_only_v347_cvar,add_observed_candidate,126625065,5000.0,A,0,2,0,2018,OH,47.48698564969154,True,v349 coverage-only incumbent action list; not a repair recommendation
coverage_only_v347_cvar,add_observed_candidate,130895207,3000.0,A,0,1,0,2018,other,43.6249148175189,True,v349 coverage-only incumbent action list; not a repair recommendation
coverage_only_v347_cvar,add_observed_candidate,151599432,4200.0,A,0,2,0,2019,CA,40.365195710790154,True,v349 coverage-only incumbent action list; not a repair recommendation
coverage_only_v347_cvar,add_observed_candidate,131848660,2000.0,A,0,3,0,2018,TX,36.599201666225746,True,v349 coverage-only incumbent action list; not a repair recommendation
coverage_only_v347_cvar,add_observed_candidate,127149727,3000.0,A,0,2,0,2018,other,36.2781106331906,True,v349 coverage-only incumbent action list; not a repair recommendation
coverage_only_v347_cvar,add_observed_candidate,127372896,3000.0,A,0,2,0,2018,FL,36.2781106331906,True,v349 coverage-only incumbent action list; not a repair recommendation
coverage_only_v347_cvar,add_observed_candidate,126730159,3600.0,A,0,3,1,2018,other,34.1906296677779,True,v349 coverage-only incumbent action list; not a repair recommendation
coverage_only_v347_cvar,add_observed_candidate,126617741,3600.0,A,0,3,1,2018,MN,34.1906296677779,True,v349 coverage-only incumbent action list; not a repair recommendation
coverage_only_v347_cvar,add_observed_candidate,138011934,1800.0,A,0,0,1,2018,FL,34.06123562199026,True,v349 coverage-only incumbent action list; not a repair recommendation
coverage_only_v347_cvar,add_observed_candidate,127775485,3500.0,A,0,2,1,2018,NJ,33.24088995478408,True,v349 coverage-only incumbent action list; not a repair recommendation
coverage_only_v347_cvar,add_observed_candidate,125857646,3025.0,A,0,1,1,2018,GA,28.729626318063364,True,v349 coverage-only incumbent action list; not a repair recommendation
coverage_only_v347_cvar,add_observed_candidate,126055358,15000.0,A,0,3,0,2018,MN,28.460956949074735,True,v349 coverage-only incumbent action list; not a repair recommendation
coverage_only_v347_cvar,add_observed_candidate,130352606,2800.0,A,0,1,0,2018,MN,27.881867607367095,True,v349 coverage-only incumbent action list; not a repair recommendation
coverage_only_v347_cvar,add_observed_candidate,125226659,14125.0,A,0,3,0,2018,CO,26.800734460378635,True,v349 coverage-only incumbent action list; not a repair recommendation
coverage_only_v347_cvar,add_observed_candidate,127936075,4000.0,A,0,3,0,2018,MA,26.06684360882549,True,v349 coverage-only incumbent action list; not a repair recommendation
coverage_only_v347_cvar,add_observed_candidate,126486951,4000.0,A,0,2,2,2018,FL,25.91546491553739,True,v349 coverage-only incumbent action list; not a repair recommendation
coverage_only_v347_cvar,add_observed_candidate,127027127,12000.0,A,0,3,0,2018,CA,22.768765559259723,True,v349 coverage-only incumbent action list; not a repair recommendation
coverage_only_v347_cvar,add_observed_candidate,127209625,12000.0,A,0,3,0,2018,CO,22.768765559259723,True,v349 coverage-only incumbent action list; not a repair recommendation
coverage_only_v347_cvar,add_observed_candidate,127281023,12000.0,A,0,3,1,2018,TX,22.768765559259723,True,v349 coverage-only incumbent action list; not a repair recommendation
coverage_only_v347_cvar,add_observed_candidate,126719662,12000.0,A,0,2,1,2018,FL,22.768765559259723,True,v349 coverage-only incumbent action list; not a repair recommendation
coverage_only_v347_cvar,add_observed_candidate,127579301,10000.0,A,0,3,0,2018,other,18.97397129938302,True,v349 coverage-only incumbent action list; not a repair recommendation
coverage_only_v347_cvar,add_observed_candidate,148145784,1000.0,A,0,2,0,2019,MA,17.206177509043172,True,v349 coverage-only incumbent action list; not a repair recommendation
coverage_only_v347_cvar,add_observed_candidate,127546232,8000.0,A,0,3,0,2018,GA,15.179177039506483,True,v349 coverage-only incumbent action list; not a repair recommendation
coverage_only_v347_cvar,add_observed_candidate,147793534,1000.0,A,0,3,0,2019,MD,12.28040442338676,True,v349 coverage-only incumbent action list; not a repair recommendation
coverage_only_v347_cvar,add_observed_candidate,126756544,6000.0,A,0,1,0,2018,CA,11.384382779629862,True,v349 coverage-only incumbent action list; not a repair recommendation
coverage_only_v347_cvar,add_observed_candidate,158269673,1000.0,B,0,0,0,2019,IN,-140.27221683294624,True,v349 coverage-only incumbent action list; not a repair recommendation
coverage_only_v347_cvar,add_observed_candidate,154899738,1000.0,B,1,0,0,2019,other,-171.01136866654105,True,v349 coverage-only incumbent action list; not a repair recommendation
coverage_only_v347_cvar,add_observed_candidate,165985906,1200.0,C,1,3,4,2020,VA,-203.72482836822385,True,v349 coverage-only incumbent action list; not a repair recommendation
coverage_only_v347_cvar,add_observed_candidate,146676176,1000.0,B,1,2,1,2019,CA,-206.47372838293077,True,v349 coverage-only incumbent action list; not a repair recommendation
coverage_only_v347_cvar,add_observed_candidate,148583349,1000.0,B,1,0,4,2019,WA,-223.59089640959343,True,v349 coverage-only incumbent action list; not a repair recommendation
coverage_only_v347_cvar,add_observed_candidate,160980415,1000.0,B,1,1,1,2019,NJ,-224.46488408918128,True,v349 coverage-only incumbent action list; not a repair recommendation
coverage_only_v347_cvar,add_observed_candidate,158896943,1000.0,B,1,0,1,2019,CA,-225.19611870886018,True,v349 coverage-only incumbent action list; not a repair recommendation
coverage_only_v347_cvar,add_observed_candidate,157196298,1000.0,B,1,1,0,2019,CA,-226.64426813457987,True,v349 coverage-only incumbent action list; not a repair recommendation
coverage_only_v347_cvar,add_observed_candidate,148498970,1000.0,B,1,2,0,2019,other,-228.01646472212607,True,v349 coverage-only incumbent action list; not a repair recommendation
coverage_only_v347_cvar,add_observed_candidate,148048847,1000.0,B,1,2,1,2019,MI,-230.39089640959347,True,v349 coverage-only incumbent action list; not a repair recommendation
coverage_only_v347_cvar,add_observed_candidate,155655239,1000.0,B,1,2,0,2019,CA,-230.93585369561032,True,v349 coverage-only incumbent action list; not a repair recommendation
coverage_only_v347_cvar,add_observed_candidate,169243494,1000.0,B,2,2,3,2020,other,-232.21373018857992,True,v349 coverage-only incumbent action list; not a repair recommendation
coverage_only_v347_cvar,add_observed_candidate,146080899,1000.0,B,1,3,3,2019,other,-232.5323140999045,True,v349 coverage-only incumbent action list; not a repair recommendation
coverage_only_v347_cvar,add_observed_candidate,157242249,1000.0,B,1,1,0,2019,other,-233.44426813457997,True,v349 coverage-only incumbent action list; not a repair recommendation
coverage_only_v347_cvar,add_observed_candidate,153751307,1000.0,B,2,3,2,2019,PA,-241.11027091215954,True,v349 coverage-only incumbent action list; not a repair recommendation
coverage_only_v347_cvar,add_observed_candidate,150817002,1200.0,B,1,3,1,2019,NC,-258.02770077512446,True,v349 coverage-only incumbent action list; not a repair recommendation
coverage_only_v347_cvar,add_observed_candidate,154756272,1600.0,C,1,2,1,2019,NC,-260.2259489812721,True,v349 coverage-only incumbent action list; not a repair recommendation
coverage_only_v347_cvar,add_observed_candidate,127281432,2000.0,B,0,4,0,2018,other,-271.1059581396894,True,v349 coverage-only incumbent action list; not a repair recommendation
coverage_only_v347_cvar,add_observed_candidate,161302636,1650.0,B,1,2,0,2019,other,-277.5585798885046,True,v349 coverage-only incumbent action list; not a repair recommendation
coverage_only_v347_cvar,add_observed_candidate,150243139,1500.0,B,1,1,1,2019,PA,-312.1846259689057,True,v349 coverage-only incumbent action list; not a repair recommendation
coverage_only_v347_cvar,add_observed_candidate,146684897,1500.0,B,1,1,1,2019,TX,-318.5605925743964,True,v349 coverage-only incumbent action list; not a repair recommendation
coverage_only_v347_cvar,add_observed_candidate,157993408,1700.0,B,1,0,0,2019,PA,-332.6337811308783,True,v349 coverage-only incumbent action list; not a repair recommendation
coverage_only_v347_cvar,add_observed_candidate,162936322,2000.0,C,1,4,1,2019,NC,-335.18594736331687,True,v349 coverage-only incumbent action list; not a repair recommendation
coverage_only_v347_cvar,add_observed_candidate,142821489,2000.0,B,1,3,1,2018,VA,-340.8025547680644,True,v349 coverage-only incumbent action list; not a repair recommendation
coverage_only_v347_cvar,add_observed_candidate,152461524,1650.0,B,1,2,1,2019,TX,-341.3666111208842,True,v349 coverage-only incumbent action list; not a repair recommendation
coverage_only_v347_cvar,add_observed_candidate,147305751,1500.0,B,1,2,1,2019,WA,-342.20234011254854,True,v349 coverage-only incumbent action list; not a repair recommendation
coverage_only_v347_cvar,add_observed_candidate,169005860,2000.0,B,1,3,1,2020,FL,-393.55925260534593,True,v349 coverage-only incumbent action list; not a repair recommendation
coverage_only_v347_cvar,add_observed_candidate,160555059,2000.0,B,1,4,0,2019,CA,-398.49055492630055,True,v349 coverage-only incumbent action list; not a repair recommendation
coverage_only_v347_cvar,add_observed_candidate,126737687,3300.0,B,0,3,0,2018,VA,-479.6648309304875,True,v349 coverage-only incumbent action list; not a repair recommendation
coverage_only_v347_cvar,add_observed_candidate,157932341,2500.0,B,1,0,0,2019,TX,-490.87667566232636,True,v349 coverage-only incumbent action list; not a repair recommendation
coverage_only_v347_cvar,add_observed_candidate,126460804,3025.0,C,1,4,2,2018,GA,-520.000020546674,True,v349 coverage-only incumbent action list; not a repair recommendation
coverage_only_v347_cvar,add_observed_candidate,158856991,3500.0,B,1,4,0,2019,VA,-543.670267909789,True,v349 coverage-only incumbent action list; not a repair recommendation
coverage_only_v347_cvar,add_observed_candidate,169067464,3000.0,B,1,3,0,2020,TX,-553.1709191067239,True,v349 coverage-only incumbent action list; not a repair recommendation
coverage_only_v347_cvar,add_observed_candidate,148318806,3000.0,B,1,2,3,2019,NC,-603.7884506163707,True,v349 coverage-only incumbent action list; not a repair recommendation
coverage_only_v347_cvar,add_observed_candidate,169325286,3000.0,B,1,3,0,2020,CA,-608.1964652293624,True,v349 coverage-only incumbent action list; not a repair recommendation
coverage_only_v347_cvar,add_observed_candidate,157715053,4000.0,B,1,2,0,2019,PA,-703.7374490397593,True,v349 coverage-only incumbent action list; not a repair recommendation
coverage_only_v347_cvar,add_observed_candidate,139337519,3600.0,B,1,1,1,2018,NC,-709.1857289492854,True,v349 coverage-only incumbent action list; not a repair recommendation
coverage_only_v347_cvar,add_observed_candidate,146078112,5000.0,B,1,2,0,2019,NJ,-937.0293449689796,True,v349 coverage-only incumbent action list; not a repair recommendation
coverage_only_v347_cvar,add_observed_candidate,138515920,9000.0,B,0,3,1,2018,IL,-1293.8643301873196,True,v349 coverage-only incumbent action list; not a repair recommendation
coverage_only_v347_cvar,add_observed_candidate,127163945,14000.0,B,0,3,1,2018,IL,-2337.066924809316,True,v349 coverage-only incumbent action list; not a repair recommendation
coverage_only_v347_cvar,drop_v347_selected,158731315,40000.0,A,0,4,0,2019,IL,1311.2947211609844,False,v349 coverage-only incumbent action list; not a repair recommendation
coverage_only_v347_cvar,drop_v347_selected,141325525,31225.0,A,0,4,0,2018,NY,928.5205467087208,False,v349 coverage-only incumbent action list; not a repair recommendation
coverage_only_v347_cvar,drop_v347_selected,136478763,30000.0,A,0,4,0,2018,FL,852.4434508915475,False,v349 coverage-only incumbent action list; not a repair recommendation
coverage_only_v347_cvar,drop_v347_selected,141171035,27000.0,A,0,4,0,2018,other,774.1112617445256,False,v349 coverage-only incumbent action list; not a repair recommendation
coverage_only_v347_cvar,drop_v347_selected,141547639,24000.0,A,0,4,0,2018,CA,694.552462896939,False,v349 coverage-only incumbent action list; not a repair recommendation
coverage_only_v347_cvar,drop_v347_selected,131999400,18000.0,A,0,4,1,2018,PA,477.5841893932406,False,v349 coverage-only incumbent action list; not a repair recommendation
coverage_only_v347_cvar,drop_v347_selected,148120026,14000.0,A,0,4,0,2019,MA,426.95689183230627,False,v349 coverage-only incumbent action list; not a repair recommendation
coverage_only_v347_cvar,drop_v347_selected,142250025,15000.0,A,0,4,1,2018,IL,419.2886403910918,False,v349 coverage-only incumbent action list; not a repair recommendation
coverage_only_v347_cvar,drop_v347_selected,133210481,15000.0,A,0,4,0,2018,other,415.62011151472046,False,v349 coverage-only incumbent action list; not a repair recommendation
coverage_only_v347_cvar,drop_v347_selected,140978659,15000.0,A,0,4,0,2018,other,384.9253406211325,False,v349 coverage-only incumbent action list; not a repair recommendation
coverage_only_v347_cvar,drop_v347_selected,168704687,12000.0,A,0,4,1,2020,CA,381.9798498940071,False,v349 coverage-only incumbent action list; not a repair recommendation
coverage_only_v347_cvar,drop_v347_selected,142060548,12800.0,A,0,4,0,2018,CA,376.16523012949494,False,v349 coverage-only incumbent action list; not a repair recommendation
coverage_only_v347_cvar,drop_v347_selected,134336861,14725.0,A,0,4,0,2018,IL,375.32228872326954,False,v349 coverage-only incumbent action list; not a repair recommendation
coverage_only_v347_cvar,drop_v347_selected,147052511,12000.0,A,0,4,0,2019,TX,374.03640915602875,False,v349 coverage-only incumbent action list; not a repair recommendation
coverage_only_v347_cvar,drop_v347_selected,160354766,12000.0,A,0,4,0,2019,other,373.4959718373656,False,v349 coverage-only incumbent action list; not a repair recommendation
coverage_only_v347_cvar,drop_v347_selected,142092329,13200.0,A,0,4,1,2018,CA,346.28049422700116,False,v349 coverage-only incumbent action list; not a repair recommendation
coverage_only_v347_cvar,drop_v347_selected,136261417,12000.0,A,0,4,0,2018,NY,329.84127612417365,False,v349 coverage-only incumbent action list; not a repair recommendation
coverage_only_v347_cvar,drop_v347_selected,142188033,12600.0,A,0,4,0,2018,CA,329.59315377813067,False,v349 coverage-only incumbent action list; not a repair recommendation
coverage_only_v347_cvar,drop_v347_selected,153285548,12000.0,A,0,4,0,2019,NY,328.79090660034547,False,v349 coverage-only incumbent action list; not a repair recommendation
coverage_only_v347_cvar,drop_v347_selected,136481134,10000.0,A,0,4,0,2018,other,286.1468387059778,False,v349 coverage-only incumbent action list; not a repair recommendation
coverage_only_v347_cvar,drop_v347_selected,139314912,10000.0,A,0,4,0,2018,FL,283.3143656765678,False,v349 coverage-only incumbent action list; not a repair recommendation
coverage_only_v347_cvar,drop_v347_selected,142456116,8000.0,A,0,4,0,2018,WA,275.78693032392573,False,v349 coverage-only incumbent action list; not a repair recommendation
coverage_only_v347_cvar,drop_v347_selected,131972743,10000.0,A,0,4,0,2018,WA,263.8715829832928,False,v349 coverage-only incumbent action list; not a repair recommendation
coverage_only_v347_cvar,drop_v347_selected,150478430,10000.0,A,0,4,1,2019,WA,262.6107577363349,False,v349 coverage-only incumbent action list; not a repair recommendation
coverage_only_v347_cvar,drop_v347_selected,138540566,9000.0,A,0,4,0,2018,other,250.66173930395374,False,v349 coverage-only incumbent action list; not a repair recommendation
coverage_only_v347_cvar,drop_v347_selected,160498962,7900.0,A,0,4,0,2019,other,242.53954524263642,False,v349 coverage-only incumbent action list; not a repair recommendation
coverage_only_v347_cvar,drop_v347_selected,140461526,8000.0,A,0,4,0,2018,MA,238.11637862476724,False,v349 coverage-only incumbent action list; not a repair recommendation
coverage_only_v347_cvar,drop_v347_selected,158881178,7325.0,A,0,4,0,2019,WA,235.56933497022843,False,v349 coverage-only incumbent action list; not a repair recommendation
coverage_only_v347_cvar,drop_v347_selected,149534921,8750.0,A,0,4,1,2019,WA,229.784413019293,False,v349 coverage-only incumbent action list; not a repair recommendation
coverage_only_v347_cvar,drop_v347_selected,140114659,8000.0,A,0,4,0,2018,other,227.74880109777808,False,v349 coverage-only incumbent action list; not a repair recommendation
coverage_only_v347_cvar,drop_v347_selected,150479470,8000.0,A,0,4,1,2019,OH,210.72027764908444,False,v349 coverage-only incumbent action list; not a repair recommendation
coverage_only_v347_cvar,drop_v347_selected,157187970,7000.0,A,0,4,1,2019,WA,201.55645463562485,False,v349 coverage-only incumbent action list; not a repair recommendation
coverage_only_v347_cvar,drop_v347_selected,143198756,7000.0,A,0,3,0,2018,NJ,201.22172139486955,False,v349 coverage-only incumbent action list; not a repair recommendation
coverage_only_v347_cvar,drop_v347_selected,138581670,7000.0,A,0,4,0,2018,VA,199.88174872172044,False,v349 coverage-only incumbent action list; not a repair recommendation
coverage_only_v347_cvar,drop_v347_selected,136831698,7000.0,A,0,3,0,2018,TX,198.30305515360354,False,v349 coverage-only incumbent action list; not a repair recommendation
coverage_only_v347_cvar,drop_v347_selected,140080773,6600.0,A,0,3,0,2018,other,195.33626529424293,False,v349 coverage-only incumbent action list; not a repair recommendation
coverage_only_v347_cvar,drop_v347_selected,141357489,6400.0,A,0,3,1,2018,NC,188.08261506474747,False,v349 coverage-only incumbent action list; not a repair recommendation
coverage_only_v347_cvar,drop_v347_selected,160327845,7500.0,A,0,4,0,2019,other,186.18498239835355,False,v349 coverage-only incumbent action list; not a repair recommendation
coverage_only_v347_cvar,drop_v347_selected,169720067,14975.0,A,1,4,1,2020,GA,161.50876012022306,False,v349 coverage-only incumbent action list; not a repair recommendation
coverage_only_v347_cvar,drop_v347_selected,136347269,4500.0,A,0,4,1,2018,NV,153.06651763373216,False,v349 coverage-only incumbent action list; not a repair recommendation
coverage_only_v347_cvar,drop_v347_selected,143523791,6000.0,A,0,4,0,2018,NC,150.35668183625262,False,v349 coverage-only incumbent action list; not a repair recommendation
coverage_only_v347_cvar,drop_v347_selected,143219999,6000.0,A,0,3,0,2018,OH,150.35668183625262,False,v349 coverage-only incumbent action list; not a repair recommendation
coverage_only_v347_cvar,drop_v347_selected,138253214,6000.0,A,0,4,0,2018,CO,147.1374520733008,False,v349 coverage-only incumbent action list; not a repair recommendation
coverage_only_v347_cvar,drop_v347_selected,126477382,5000.0,A,0,4,1,2018,NY,144.11652816116026,False,v349 coverage-only incumbent action list; not a repair recommendation
coverage_only_v347_cvar,drop_v347_selected,127214737,5000.0,A,0,4,0,2018,NY,141.98698564969146,False,v349 coverage-only incumbent action list; not a repair recommendation
coverage_only_v347_cvar,drop_v347_selected,132176075,5000.0,A,0,4,0,2018,CA,133.67326170656943,False,v349 coverage-only incumbent action list; not a repair recommendation
coverage_only_v347_cvar,drop_v347_selected,142121332,5000.0,A,0,4,0,2018,CA,131.1668538738642,False,v349 coverage-only incumbent action list; not a repair recommendation
coverage_only_v347_cvar,drop_v347_selected,128406498,4000.0,A,0,1,1,2018,IL,112.59779230345822,False,v349 coverage-only incumbent action list; not a repair recommendation
coverage_only_v347_cvar,drop_v347_selected,152301269,4000.0,A,0,4,0,2019,CA,107.64304353408598,False,v349 coverage-only incumbent action list; not a repair recommendation
coverage_only_v347_cvar,drop_v347_selected,142905254,4000.0,A,0,4,0,2018,WA,104.35879955950114,False,v349 coverage-only incumbent action list; not a repair recommendation
coverage_only_v347_cvar,drop_v347_selected,169156034,3500.0,A,0,4,0,2020,MN,96.68494515811949,True,v349 coverage-only incumbent action list; not a repair recommendation
coverage_only_v347_cvar,drop_v347_selected,157432794,3000.0,A,0,4,0,2019,other,96.58826922351176,False,v349 coverage-only incumbent action list; not a repair recommendation
coverage_only_v347_cvar,drop_v347_selected,157650674,2400.0,A,0,4,0,2019,MA,89.76165804684908,False,v349 coverage-only incumbent action list; not a repair recommendation
coverage_only_v347_cvar,drop_v347_selected,158941028,3000.0,A,0,4,0,2019,NC,88.34211977374844,False,v349 coverage-only incumbent action list; not a repair recommendation
coverage_only_v347_cvar,drop_v347_selected,157784068,3500.0,A,0,4,2,2019,VA,83.46580640270655,False,v349 coverage-only incumbent action list; not a repair recommendation
coverage_only_v347_cvar,drop_v347_selected,157962180,3500.0,A,0,3,0,2019,CA,83.3235960467994,False,v349 coverage-only incumbent action list; not a repair recommendation
coverage_only_v347_cvar,drop_v347_selected,141623287,3000.0,A,0,2,0,2018,NY,80.96618182010366,False,v349 coverage-only incumbent action list; not a repair recommendation
coverage_only_v347_cvar,drop_v347_selected,158540467,2700.0,A,0,4,1,2019,OH,76.60297858930356,False,v349 coverage-only incumbent action list; not a repair recommendation
coverage_only_v347_cvar,drop_v347_selected,133763576,3000.0,A,0,3,0,2018,NY,73.31323703811194,False,v349 coverage-only incumbent action list; not a repair recommendation
coverage_only_v347_cvar,drop_v347_selected,170387634,3000.0,A,0,1,0,2020,NY,72.71865378192913,True,v349 coverage-only incumbent action list; not a repair recommendation
coverage_only_v347_cvar,drop_v347_selected,156899870,2750.0,A,0,3,2,2019,NC,65.74189635588623,False,v349 coverage-only incumbent action list; not a repair recommendation
coverage_only_v347_cvar,drop_v347_selected,157156774,2800.0,A,0,4,0,2019,MA,64.94258185424991,False,v349 coverage-only incumbent action list; not a repair recommendation
coverage_only_v347_cvar,drop_v347_selected,158523975,2500.0,A,0,4,1,2019,TX,59.61843314479034,False,v349 coverage-only incumbent action list; not a repair recommendation
coverage_only_v347_cvar,drop_v347_selected,148128009,2500.0,A,0,4,0,2019,CA,54.46218936898403,False,v349 coverage-only incumbent action list; not a repair recommendation
coverage_only_v347_cvar,drop_v347_selected,142570983,1500.0,A,0,2,0,2018,OH,41.928864039109165,True,v349 coverage-only incumbent action list; not a repair recommendation
coverage_only_v347_cvar,drop_v347_selected,139708433,2000.0,A,0,1,0,2018,OH,41.75743300815578,True,v349 coverage-only incumbent action list; not a repair recommendation
coverage_only_v347_cvar,drop_v347_selected,159446051,1325.0,A,0,4,0,2019,FL,39.01776956673889,False,v349 coverage-only incumbent action list; not a repair recommendation
coverage_only_v347_cvar,drop_v347_selected,139540494,1750.0,A,0,4,0,2018,FL,36.53775388213632,True,v349 coverage-only incumbent action list; not a repair recommendation
coverage_only_v347_cvar,drop_v347_selected,160039313,1200.0,A,0,2,0,2019,NV,33.84784116416046,False,v349 coverage-only incumbent action list; not a repair recommendation
coverage_only_v347_cvar,drop_v347_selected,135864433,1500.0,A,0,2,0,2018,AZ,33.03154023126002,True,v349 coverage-only incumbent action list; not a repair recommendation
coverage_only_v347_cvar,drop_v347_selected,139657464,1200.0,A,0,4,0,2018,OH,32.614459804893464,True,v349 coverage-only incumbent action list; not a repair recommendation
coverage_only_v347_cvar,drop_v347_selected,141444346,1500.0,A,0,2,1,2018,CO,32.47886403910917,True,v349 coverage-only incumbent action list; not a repair recommendation
coverage_only_v347_cvar,drop_v347_selected,140618260,1350.0,A,0,4,0,2018,VA,28.18626728050513,True,v349 coverage-only incumbent action list; not a repair recommendation
coverage_only_v347_cvar,drop_v347_selected,129082051,1500.0,A,0,2,1,2018,other,27.50472791272188,False,v349 coverage-only incumbent action list; not a repair recommendation
coverage_only_v347_cvar,drop_v347_selected,148096150,1000.0,A,0,4,0,2019,MA,27.38487574759364,False,v349 coverage-only incumbent action list; not a repair recommendation
coverage_only_v347_cvar,drop_v347_selected,152791402,1100.0,A,0,0,0,2019,VA,24.766249859780725,False,v349 coverage-only incumbent action list; not a repair recommendation
coverage_only_v347_cvar,drop_v347_selected,151825245,1200.0,A,0,4,0,2019,OH,24.73291306022574,False,v349 coverage-only incumbent action list; not a repair recommendation
coverage_only_v347_cvar,drop_v347_selected,163435863,1000.0,A,0,4,0,2019,NJ,22.968344573318117,False,v349 coverage-only incumbent action list; not a repair recommendation
coverage_only_v347_cvar,drop_v347_selected,138767991,1100.0,A,0,1,1,2018,other,22.966588154485684,True,v349 coverage-only incumbent action list; not a repair recommendation
coverage_only_v347_cvar,drop_v347_selected,141674389,1000.0,A,0,1,0,2018,FL,21.652576026072797,True,v349 coverage-only incumbent action list; not a repair recommendation
coverage_only_v347_cvar,drop_v347_selected,141085456,1000.0,A,0,3,2,2018,AZ,21.652576026072797,True,v349 coverage-only incumbent action list; not a repair recommendation
coverage_only_v347_cvar,drop_v347_selected,139555921,1000.0,A,0,3,0,2018,other,20.061689374742194,True,v349 coverage-only incumbent action list; not a repair recommendation
coverage_only_v347_cvar,drop_v347_selected,157878957,1000.0,A,0,3,1,2019,CA,18.506144129413187,False,v349 coverage-only incumbent action list; not a repair recommendation
coverage_only_v347_cvar,drop_v347_selected,148017643,1000.0,A,0,4,0,2019,other,16.62722525875585,False,v349 coverage-only incumbent action list; not a repair recommendation
coverage_only_v347_cvar,drop_v347_selected,127648167,1000.0,A,0,4,0,2018,NC,15.897397129938305,False,v349 coverage-only incumbent action list; not a repair recommendation
coverage_only_v347_cvar,drop_v347_selected,140423185,1000.0,A,0,0,3,2018,TX,15.478716504077878,True,v349 coverage-only incumbent action list; not a repair recommendation
coverage_only_v347_cvar,drop_v347_selected,143862358,1000.0,D,0,3,1,2018,other,-79.93500414393283,True,v349 coverage-only incumbent action list; not a repair recommendation
coverage_only_v347_cvar,drop_v347_selected,142037168,1000.0,E,2,4,0,2018,NJ,-92.29890266079596,True,v349 coverage-only incumbent action list; not a repair recommendation
coverage_only_v347_cvar,drop_v347_selected,136918234,1000.0,F,1,4,0,2018,NY,-115.65611820408289,True,v349 coverage-only incumbent action list; not a repair recommendation
coverage_only_v347_cvar,drop_v347_selected,129751891,1200.0,C,0,4,1,2018,CO,-129.06891349725916,True,v349 coverage-only incumbent action list; not a repair recommendation
coverage_only_v347_cvar,drop_v347_selected,142970101,1000.0,B,0,4,0,2018,IL,-129.33776065997006,True,v349 coverage-only incumbent action list; not a repair recommendation
coverage_only_v347_cvar,drop_v347_selected,147944552,1000.0,D,2,4,0,2019,TX,-130.838274451766,True,v349 coverage-only incumbent action list; not a repair recommendation
coverage_only_v347_cvar,drop_v347_selected,164191748,1000.0,D,1,2,1,2020,other,-141.50672122209372,True,v349 coverage-only incumbent action list; not a repair recommendation
coverage_only_v347_cvar,drop_v347_selected,143784342,1000.0,D,1,4,0,2018,WA,-141.74570317699641,True,v349 coverage-only incumbent action list; not a repair recommendation
coverage_only_v347_cvar,drop_v347_selected,143127376,1000.0,E,2,3,0,2018,CA,-142.59369479713456,True,v349 coverage-only incumbent action list; not a repair recommendation
coverage_only_v347_cvar,drop_v347_selected,141981922,1000.0,D,1,2,0,2018,AZ,-143.29507886302872,True,v349 coverage-only incumbent action list; not a repair recommendation
coverage_only_v347_cvar,drop_v347_selected,155861848,1200.0,D,2,3,2,2019,other,-145.04604319201192,True,v349 coverage-only incumbent action list; not a repair recommendation
coverage_only_v347_cvar,drop_v347_selected,144913322,1000.0,E,2,3,1,2018,other,-150.16243065820038,True,v349 coverage-only incumbent action list; not a repair recommendation
coverage_only_v347_cvar,drop_v347_selected,162802587,1200.0,D,2,2,1,2019,other,-157.7610928477297,True,v349 coverage-only incumbent action list; not a repair recommendation
coverage_only_v347_cvar,drop_v347_selected,162406873,1200.0,D,1,3,1,2019,PA,-164.5536066700253,True,v349 coverage-only incumbent action list; not a repair recommendation
coverage_only_v347_cvar,drop_v347_selected,140230494,1125.0,D,1,1,1,2018,other,-165.35979237983094,True,v349 coverage-only incumbent action list; not a repair recommendation
coverage_only_v347_cvar,drop_v347_selected,151432552,1200.0,D,2,3,3,2019,other,-171.5945292328878,True,v349 coverage-only incumbent action list; not a repair recommendation
coverage_only_v347_cvar,drop_v347_selected,154722969,1600.0,D,2,3,3,2019,NJ,-181.10957049140333,True,v349 coverage-only incumbent action list; not a repair recommendation
coverage_only_v347_cvar,drop_v347_selected,140960427,1400.0,D,1,3,0,2018,IL,-209.00483406199322,True,v349 coverage-only incumbent action list; not a repair recommendation
coverage_only_v347_cvar,drop_v347_selected,128448205,1700.0,B,0,1,1,2018,NC,-220.15662915625964,True,v349 coverage-only incumbent action list; not a repair recommendation
coverage_only_v347_cvar,drop_v347_selected,132331246,1800.0,C,0,4,0,2018,other,-230.6630915400187,True,v349 coverage-only incumbent action list; not a repair recommendation
coverage_only_v347_cvar,drop_v347_selected,143738130,2000.0,B,0,3,0,2018,other,-234.68765251493338,True,v349 coverage-only incumbent action list; not a repair recommendation
coverage_only_v347_cvar,drop_v347_selected,142000768,1600.0,C,1,1,0,2018,OH,-235.78001515406717,True,v349 coverage-only incumbent action list; not a repair recommendation
coverage_only_v347_cvar,drop_v347_selected,141184113,2000.0,B,0,4,0,2018,NY,-248.63454352438842,False,v349 coverage-only incumbent action list; not a repair recommendation
coverage_only_v347_cvar,drop_v347_selected,129036264,2000.0,D,1,4,2,2018,VA,-273.5300057271854,True,v349 coverage-only incumbent action list; not a repair recommendation
coverage_only_v347_cvar,drop_v347_selected,137925780,2400.0,C,0,4,0,2018,MN,-277.1849614177476,True,v349 coverage-only incumbent action list; not a repair recommendation
coverage_only_v347_cvar,drop_v347_selected,152314563,2000.0,D,2,3,2,2019,FL,-285.99088205481286,True,v349 coverage-only incumbent action list; not a repair recommendation
coverage_only_v347_cvar,drop_v347_selected,159720541,2000.0,D,2,4,0,2019,MN,-291.2624147008317,True,v349 coverage-only incumbent action list; not a repair recommendation
coverage_only_v347_cvar,drop_v347_selected,156935428,2000.0,D,1,3,0,2019,MD,-292.6952804965708,False,v349 coverage-only incumbent action list; not a repair recommendation
coverage_only_v347_cvar,drop_v347_selected,135930178,2500.0,C,0,4,2,2018,NC,-302.9511527734856,True,v349 coverage-only incumbent action list; not a repair recommendation
coverage_only_v347_cvar,drop_v347_selected,137741627,2500.0,E,1,4,0,2018,AZ,-336.3900440476341,True,v349 coverage-only incumbent action list; not a repair recommendation
coverage_only_v347_cvar,drop_v347_selected,128253688,3000.0,C,0,4,2,2018,other,-363.0429311428707,True,v349 coverage-only incumbent action list; not a repair recommendation
coverage_only_v347_cvar,drop_v347_selected,130095750,3000.0,C,0,4,2,2018,AZ,-366.4722837431479,True,v349 coverage-only incumbent action list; not a repair recommendation
coverage_only_v347_cvar,drop_v347_selected,140623777,3000.0,D,1,4,4,2018,IL,-374.96750156141417,True,v349 coverage-only incumbent action list; not a repair recommendation
coverage_only_v347_cvar,drop_v347_selected,164456389,3000.0,D,2,4,2,2020,CA,-386.4700038281736,True,v349 coverage-only incumbent action list; not a repair recommendation
coverage_only_v347_cvar,drop_v347_selected,158739818,3000.0,D,1,4,2,2019,CA,-415.42173591874825,True,v349 coverage-only incumbent action list; not a repair recommendation
coverage_only_v347_cvar,drop_v347_selected,146107119,3625.0,B,0,4,0,2019,GA,-433.75214293310364,False,v349 coverage-only incumbent action list; not a repair recommendation
coverage_only_v347_cvar,drop_v347_selected,152760117,5000.0,C,0,4,3,2019,CA,-564.1710569075788,True,v349 coverage-only incumbent action list; not a repair recommendation
coverage_only_v347_cvar,drop_v347_selected,156313239,4275.0,D,2,4,3,2019,MD,-594.0549734232155,True,v349 coverage-only incumbent action list; not a repair recommendation
coverage_only_v347_cvar,drop_v347_selected,145642114,8050.0,E,1,4,2,2019,IN,-1090.0676013662942,True,v349 coverage-only incumbent action list; not a repair recommendation
coverage_only_v347_cvar,drop_v347_selected,145133997,13800.0,C,0,4,0,2018,GA,-1649.2976899806354,True,v349 coverage-only incumbent action list; not a repair recommendation
